H|000003|20180211141128
Vo_HW_BIN_731_20180119_000003|02|(21)07373105988|(21)13874332361|20171101042958|88|13441737536|0089|137|04BB|1211|25235207|144|8613747737|
Vo_HW_BIN_731_20180119_000003|03|(21)13412821371|(01)125470813873798288|20171101043114|13||04D9|1241|0183|387|25107922|144|8613747737|
Vo_HW_BIN_731_20180119_000003|02|(21)13071057940|(21)18273737707|20171101043007|81|13444330358|064C|1612|041B|1051|24464188|144|8613747737|
Vo_HW_BIN_731_20180119_000003|01|(21)13875317513|(21)15697377748|20171101042723|246||04ED|1261|0661|1633|24829172|144|8613747737|
Vo_HW_BIN_731_20180119_000003|02|(21)18153708863|(21)15073786524|20171101043010|80|13444746248|053C|1340|009B|155|24928907|144|8613747737|
Vo_HW_BIN_731_20180119_000003|02|(21)18169273718|(21)13549750458|20171101042439|414|13444746864|053C|1340|009B|155|24286761|144|8613747737|
Vo_HW_BIN_731_20180119_000003|01|(21)13902839718|(41)18673716316|20171101043049|44||04C5|1221|0661|1633|24822488|144|8613747737|
Vo_HW_BIN_731_20180119_000003|02|(21)15673674020|(21)15907373178|20171101043107|28|13447737409|0661|1633|04D9|1241|24362785|144|8613747737|
Vo_HW_BIN_731_20180119_000003|03|(21)13873751792|(01)125470815973717793|20171101043044|54||04D9|1241|0185|389|25072367|144|8613747737|
Vo_HW_BIN_731_20180119_000003|01|(21)13874338284|(41)18573732288|20171101043126|11||04E3|1251|0661|1633|25212630|144|8613747737|
Vo_HW_BIN_731_20180119_000003|02|(21)15573793154|(21)13638473709|20171101043115|24|13446748662|064B|1611|04ED|1261|25276926|144|8613747737|
Vo_HW_BIN_731_20180119_000003|01|(21)15906791387|(21)17773717839|20171101042835|186||041B|1051|0541|1345|24304427|144|8613747737|
Vo_HW_BIN_731_20180119_000003|02|(21)17773785892|(21)13875388667|20171101043133|12|13443740603|053C|1340|04E3|1251|25098106|144|8613747737|
Vo_HW_BIN_731_20180119_000003|02|(21)15367720080|(21)18890543736|20171101043126|22|13443740598|0086|134|04E3|1251|25072368|144|8613747737|
Vo_HW_BIN_731_20180119_000003|03|(21)14773765009|(01)125470815116763463|20171101043142|6||009B|155|0183|387|25107926|144|8613747737|
Vo_HW_BIN_731_20180119_000003|03|(41)|(01)13446748622|20171101043144|6|13446748622|058D|1421|04ED|1261|24822492|144|8613747737|
Vo_HW_BIN_731_20180119_000003|02|(21)17773739909|(21)13511119749|20171101043122|33|13444746200|0086|134|009B|155|24775793|144|8613747737|
Vo_HW_BIN_731_20180119_000003|01|(21)15873733867|(41)13367373808|20171101043146|12||04C5|1221|0086|134|23571958|144|8613747737|
Vo_HW_BIN_731_20180119_000003|03|(21)18397538695|(01)125470818773793137|20171101043143|20||04E3|1251|0183|387|24464192|144|8613747737|
Vo_HW_BIN_731_20180119_000003|02|(21)18673608220|(21)15197721657|20171101043119|45||066C|1644|0185|389|23571959|144|8613747737|
Vo_HW_BIN_731_20180119_000003|01|(21)13973756921|(21)0737110950000|20171101043021|106||04C5|1221|05D9|1497|24822495|144|8613747737|
Vo_HW_BIN_731_20180119_000003|02|(21)13332570038|(21)13786735988|20171101043202|8|13443740609|0086|134|04E3|1251|24043254|144|8613747737|
Vo_HW_BIN_731_20180119_000003|01|(21)18300010310|(21)18073750606|20171101043141|30||041B|1051|0089|137|23001995|144|8613747737|
Vo_HW_BIN_731_20180119_000003|02|(21)18073778626|(21)18711745625|20171101043112|59|13445737359|053C|1340|04C5|1221|23571960|144|8613747737|
Vo_HW_BIN_731_20180119_000003|01|(21)18773718674|(21)13080588071|20171101043158|13||009B|155|0661|1633|24756931|144|8613747737|
Vo_HW_BIN_731_20180119_000003|03|(21)13549705554|(01)125470813873716728|20171101043147|24||04C5|1221|0185|389|24737434|144|8613747737|
Vo_HW_BIN_731_20180119_000003|03|(21)18307373589|(01)125470818773795011|20171101043156|17||04D9|1241|0183|387|25098112|144|8613747737|
Vo_HW_BIN_731_20180119_000003|03|(21)15842819453|(01)125470815274754164|20171101043124|50||04C5|1221|0183|387|24306673|144|8613747737|
Vo_HW_BIN_731_20180119_000003|01|(21)18307379096|(21)0737110930000|20171101043118|58||04ED|1261|05D9|1497|23001996|144|8613747737|
Vo_HW_BIN_731_20180119_000003|01|(21)18773712127|(21)18973732393|20171101043147|30||04ED|1261|053C|1340|24043258|144|8613747737|
Vo_HW_BIN_731_20180119_000003|01|(21)18773743453|(41)18975366792|20171101043210|9||04D9|1241|053C|1340|26923108|144|8613747737|
Vo_HW_BIN_731_20180119_000003|03|(21)13657379581|(21)15243798589|20171101043149|31|13446748084|0185|389|04ED|1261|23571964|159|8613747737|
T|32
